% -------------------------------------------------------------------
%  Generated by MATLAB on 1-Nov-2024 23:21:58
%  MATLAB version: 9.9.0.1467703 (R2020b)
% -------------------------------------------------------------------
                                                

f0_6 = [342.633435929941; 342.80366589314735; 342.86193940550692; 342.94748643612343; ...
      343.01135095122271; 343.23652842624728; 343.418922733006; 343.68919707656858; ...
      343.9583706491884; 344.19355647650406; 344.36368486875938; 344.3179164829566; ...
      344.314230377366; 344.40124900068531; 344.39249963181868; 344.34702743178889; ...
      344.31692503447891; 344.31745690541669; 344.22368074670823; 344.22371209905555; ...
      344.14439726764761; 344.16588391429224; 344.04020650361394; 343.93577757424924; ...
      343.90707663418175; 344.01199938708339; 344.02652066365863; 344.171968639349; ...
      344.41725415563457; 344.64238033019433; 344.89309763858012; 345.05861514455609; ...
      345.12900198741272; 345.2292326536313; 345.1166205880462; 345.04413885770424; ...
      345.02794674546254; 345.1243581976604; 345.19672693751755; 345.44124954831278; ...
      345.57755803216116; 345.6875943262944; 345.8383208651457; 346.26542684125786; ...
      346.423866858826; 346.59199175794561; 346.57551423494749; 346.40805136553081; ...
      346.01349579898687; 345.84936240038218; 345.69781690480937; 345.46557638455249; ...
      345.30612594630037; 345.2454999365508; 345.17904159439632; 345.06800096511336; ...
      345.11766441191639; 345.17879942987628; 345.111252548234; 345.12895811692806; ...
      ];

