% -------------------------------------------------------------------
%  Generated by MATLAB on 1-Nov-2024 23:23:05
%  MATLAB version: 9.9.0.1467703 (R2020b)
% -------------------------------------------------------------------
                                                

f0_8 = [464.73920194003745; 464.79364601371151; 464.77995379820965; 464.85739920733351; ...
      464.79168685051781; 464.74400963146229; 464.936544813556; 465.1831227815137; ...
      465.3663871411361; 465.56979522811821; 465.84087183040396; 466.28845352818945; ...
      466.69417181354277; 467.10771191158886; 467.46450960662031; 467.93215656767541; ...
      468.48926427258186; 468.95470515832295; 469.41413064081416; 469.69633280535868; ...
      469.80841649379545; 469.80128532497844; 469.754207886316; 469.74435772457429; ...
      469.70631301137115; 469.90311098799486; 470.13073438567318; 470.40424743101573; ...
      470.94940706218767; 471.14645573155866; 471.41620105587521; 471.55743825048273; ...
      471.74635183257442; 471.7722781493768; 471.9015895166678; 472.01899570636346; ...
      472.16448350097841; 472.27555317062553; 472.42725837451792; 472.55248942548991; ...
      472.67794104618542; 472.89565726753057; 473.1722218278785; 473.38814938665047; ...
      473.48834258178391; 473.588897630918; 473.5747130219749; 473.55945239633786; ...
      473.57621784463754; 473.76066902785021; 473.78004172031336; 473.85940250294175; ...
      473.97618241532314; 474.14458934592989; 474.2741347031249; 474.54346650488884; ...
      474.76431327951173; 474.97002342319382];

