% -------------------------------------------------------------------
%  Generated by MATLAB on 1-Nov-2024 23:21:18
%  MATLAB version: 9.9.0.1467703 (R2020b)
% -------------------------------------------------------------------
                                                

f0_5 = [293.62224491204393; 293.66621919989933; 293.6862070700239; 293.76393977687235; ...
      293.94204237445177; 293.95693310794843; 293.81976220674341; 293.8710167251291; ...
      293.90331672634892; 293.97004805177988; 293.84805957077754; 293.85686279530415; ...
      293.76453221140787; 293.5870557424343; 293.36086041499613; 293.38606653493508; ...
      293.37380288692083; 293.4227245036929; 293.45874702525333; 293.36345421305504; ...
      293.32012886449348; 293.14352907756063; 292.81653829867241; 292.81774007471125; ...
      292.71324415772841; 292.62475113225219; 292.70281531771826; 292.79089561315857; ...
      292.8476854759611; 293.15681304518768; 293.20828984480664; 293.26761087308017; ...
      293.35976388168638; 293.30593875409323; 293.14452298412641; 293.2094757821755; ...
      293.14474866358609; 293.28510836227167; 293.22153894725813; 293.143333697563; ...
      292.82957801840115; 292.83479477896765; 292.59039594919346; 292.51801815798126; ...
      292.5105376005198; 292.67576548485386; 292.75321082663345; 292.80481533953423; ...
      293.03214718080221; 293.0170482819841; 292.92141689122951; 292.90786218008185; ...
      292.90902027284568; 292.86418191361054; 292.81218468191952; 292.89207823048707; ...
      292.81542824927214; 292.89034449941425; 292.63318166676731; 292.80564584169883; ...
      292.83116860897417; 292.7623917764127];

