% -------------------------------------------------------------------
%  Generated by MATLAB on 1-Nov-2024 23:22:27
%  MATLAB version: 9.9.0.1467703 (R2020b)
% -------------------------------------------------------------------
                                                

f0_7 = [410.9739588270624; 411.10840827690026; 411.23241615530031; 411.35138814032632; ...
      411.42418235651712; 411.548634127247; 411.69800651371042; 411.83649719648952; ...
      412.07795744674922; 412.23401522864839; 412.40543779278062; 412.503061727803; ...
      412.76175273745451; 412.93324220473704; 413.12123152328519; 413.12676550313364; ...
      413.12336692301716; 413.06676598927083; 412.97883639420706; 412.90500635675613; ...
      413.06545618892324; 413.10586731752562; 413.24386965159061; 413.45409566482954; ...
      413.5596096800158; 413.63257697895608; 413.89233315503731; 414.08651532832397; ...
      414.16027338216816; 414.33886344432318; 414.50360243176362; 414.59456444758996; ...
      414.64061395888262; 414.55380261776753; 414.48470675638276; 414.44634352375942; ...
      414.40023476795557; 414.51396553550967; 414.95384844326406; 415.32923392343207; ...
      415.61287533055651; 415.87080463154746; 416.24706729553208; 416.37979249797252; ...
      416.40756335799057; 416.53801065113794; 416.61901218250335; 416.58341477005757; ...
      416.49900756615159; 416.47944517575627; 416.34633345493904; 416.26971049518556; ...
      416.24003716306709; 416.38003705582861; 416.53338219812963; 416.73978753075266; ...
      416.94356702759092; 417.01450010894416; 416.88250688456134; 416.7427986434692; ...
      416.59629312556643];

