% -------------------------------------------------------------------
%  Generated by MATLAB on 1-Nov-2024 23:10:29
%  MATLAB version: 9.9.0.1467703 (R2020b)
% -------------------------------------------------------------------
                                                

f0_4 = [240.12855805827917; 240.29355383087028; 240.42697269476457; 240.40124377610897; ...
      240.25793344732685; 240.50841985850045; 240.20132659457758; 240.11072934398948; ...
      240.13684783975518; 240.65461550535875; 240.53404384270405; 240.9100405671476; ...
      240.86692559343754; 240.68485658211785; 240.51902398616573; 175.30672050689415; ...
      240.55104415045662; 240.71449037903221; 240.61721675258968; 240.12105589922436; ...
      239.95076063973193; 240.15087483256778; 240.24436922653103; 240.40743659581443; ...
      240.97838530796037; 241.00803218082098; 241.33027521935716; 240.92571883084912; ...
      240.9786147775028; 240.82202541414432; 240.64938951052858; 240.27531031688991; ...
      240.36827455027154; 240.75577291771251; 240.77781807928915; 240.96793108898598; ...
      240.59539428972764; 241.24466795193172; 241.04342128475537; 241.00287637136873; ...
      240.99105012166066; 241.14899859531312; 240.97066393744788; 240.69910791705175; ...
      240.59086401902456; 240.50610841437938; 240.47436057917636; 240.18339027853446; ...
      240.47076999735992; 240.81609380739084; 240.94629379239609; 240.8847849297666; ...
      240.91181176926509; 241.38569238026963; 241.07719349320467; 241.08455515580323; ...
      241.2237018080674; 240.84836785160545; 240.00000017019858];

