% -------------------------------------------------------------------
%  Generated by MATLAB on 1-Nov-2024 23:17:54
%  MATLAB version: 9.9.0.1467703 (R2020b)
% -------------------------------------------------------------------
                                                

f0_3 = [374.03007631642765; 187.34814135578227; 187.20300581026177; 187.41521306954229; ...
      187.06199710555933; 187.01585097857742; 186.99099899347195; 187.27844419982571; ...
      187.55404026569335; 188.11341592409283;  ...
      188.19645970306857; 188.13808487356806; 188.17833937721934; 188.19913123802158; ...
      188.02604784193269; 188.13675976326311; 187.87452130312053; 187.85355885024779; ...
      187.86658837966593; 187.98852894870893; 187.56976620907048; 173.43712819805944; ...
      187.42350711889503; ...
      188.49393083699772; 188.45717336547946; 188.35095047991564; 188.17109800611729; ...
      188.25219827701042; 187.7506413502006; 187.83477346861497; 188.07862355426519; ...
      187.99047297101524; 188.06192062142094; 188.16083129490005; 187.98540651821767; ...
      187.871868678269;   187.96039093759151; 188.07928637422; 188.2545833769295; ...
      188.31291094584535; 188.25307882790949; 188.27926184937067; 188.27836423790083; ...
      188.72056060051125; 188.45567812272336; 188.24820861181325; 187.93226320038383; ...
      187.93671833469892; 187.63408454335507; 187.56891418577322; 187.53128993535805; ...
      187.57122557808461; 188.00025369765532; 187.55742652209796; 187.75642420735659; ...
      188.08261303513785; 188.31356689005338; ...
      151.45063479696927; 188.39102483446462; ...
      188.4740421610482; 188.10356982516055; 187.99753184849655; 187.61151197462465; ...
      187.38690801180621; 186.86655091113988; 186.95021876540184; 374.51933024095007; ...
      186.91134129934127; ...
      187.03973929604376; 187.09609872602567; 186.99148314285387; 186.89569145450682; ...
      186.63674112537629; 186.79963519687666; ...
      187.06709486874007; ...
      186.92625341113012; 187.13592684391571; 187.51938653100768; ...
      187.78450836196734];

